> estimated sample haplotype frequencies for entire sample
sampled.haplotype                                                              	Est.freq	S.E.
2313233113111313333111333131131333133111132131113111311331333232323333121131312	0.016505	0.000068
2333233113111313333111333131131333133111132131113111311331333232323333121131312	0.013042	0.000061
2313231432311313333111333311133133113132331231333133333333333232123311123111332	0.012662	0.000060
2311231432311313333111333311133133113132331231333133333333333232123311123111332	0.010272	0.000054
2313233432333332133111113311333111113132312211333131333133133212323311123111332	0.008954	0.000050
2311233432333332333111113311333111113132312211333131333133133212321133333313332	0.008431	0.000049
2333233412331312333111313113131333113131131213113131333333133232323313123131312	0.008397	0.000049
2311233412333332133111133333133133113111332231133133333331333212313333123131312	0.008369	0.000049
1133231412331132311211331311133133113112311213331133333131333332123313123313312	0.008048	0.000048
1333233113111313333111333131131333133111132131113111311331333232323333121131312	0.007194	0.000045
2313231432331332333113313133113131111132332231133133113333333232323111123313132	0.005903	0.000041
2333313432331132311211311133133133113331132213333133333331123232313133323311112	0.005371	0.000039
2333333432331132311211311133133133113331132213333133333331123232313133323311112	0.004853	0.000037
1133231412331132311211331311133133113112311213331131333131333332123313123313312	0.004167	0.000034
2311233113111313333111333131131333133111132131113111311331333232323333121131312	0.004131	0.000034
1133231412331132311211331311133133113112311213331133333131333332123333123113332	0.003911	0.000033
2313231132331312333111133131133133111132331213133113113113321231323333123311332	0.003878	0.000033
2313231432331332333211313311333111113132312211333131333133133212323311123111332	0.003854	0.000033
2333233432311332331211313311113133113331132113133133333331333232323133121131312	0.003841	0.000033
2313231432331332333211333331133111111132312213333133333111333232323113123113132	0.003806	0.000033
2313233432333332133111113313133133113132331213333133133333323232323113123313332	0.003130	0.000030
2313233412333332133111133333133133113111332231133131333331333212313333123131312	0.003001	0.000029
2311233432111313331211333133113133113132331213113133333131321232323113123311133	0.002917	0.000029
2333233432311332331211313311113133113331132113133133333331333332323133121131312	0.002843	0.000029
2333231432333332333111313311133133113331331231333133333333333232123311123111332	0.002685	0.000028
2331333432311313333111133113133111113131311231133133331311323232313313123313332	0.002649	0.000028
2311233432111313331211333133113133113132331213113131333131321232323113123311133	0.002593	0.000027
2313233412333332133111133333133133113111332231133133333331333212313333123131312	0.002592	0.000027
2133231432333332333111313311133133113331331231333133333333333232123311123111332	0.002539	0.000027
2331233412331312333111313113131333113131131213113131333333133232323313123131312	0.002514	0.000027
2113233432333332133111113313133133113132331213333133133333323232323113123313332	0.002312	0.000026
2311233412333332133111133333133133113112332231133133333331333212313333123131312	0.002307	0.000026
2311233412333332133111133333133133113111332231133131333331333212313333123131312	0.002200	0.000025
1331233113111313333111333131131333133111132131113111311331333232323333121131312	0.002197	0.000025
2311233432333332133111113313133133113132331213333133133333323232323113123313332	0.002159	0.000025
2313231432331332333211333331133111111132312213333131333111333232323113123113132	0.002147	0.000025
2313233113111313333111333331131333133111132131113111311331333232323333121131312	0.002117	0.000025
2313233113111313333111333131131333133112132131113111311331333232323333121131312	0.002085	0.000024
1133231412331132311211331311133133113112311213331131333131333332123333123113332	0.002077	0.000024
2311231432311313333111333311133133113132331231333131333333333232123311123111332	0.002033	0.000024
2313231432331332333211333331133111111132312213333131333111333332323333123131312	0.002020	0.000024
2313233432333332333111113311333111113132312211333131333133133212321133333313332	0.002009	0.000024
2313231432311313333111333311133133113132331231333131333333333232123311123111332	0.001926	0.000023
1133231412331132311211331311133133113112311213331133333131333332123313123113332	0.001849	0.000023
2313233412331132311211331311133133113112311213331131333131333332123313123313312	0.001842	0.000023
2311233432333332333111113311333111113132312211333131333133133212321113333313332	0.001805	0.000023
2311231432311313333111333311133133111132331231333133333333333232123311123111332	0.001689	0.000022
1333313432331312133213133133113133111131132113333111133333323231323333123111112	0.001684	0.000022
2313231432331332333211333331133111111132312213333133111331323332323333123111112	0.001675	0.000022
1133233113111313333111333131131333133111132131113111311331333232323333121131312	0.001630	0.000022
1133231412331313333111333131131333133111132131113111311331333232323333121131312	0.001621	0.000022
2311231432331332333211333331133111111132312213333131333111333232323113123113132	0.001615	0.000021
2333233113111313333111333131131333133111132131113111311331333232323333121331312	0.001583	0.000021
1131231412331132311211331113133131113111131113333113333311333312313113323113332	0.001530	0.000021
1313233113111313333111333131131333133111132131113111311331333232323333121131312	0.001510	0.000021
2333313432331312133213133133113133111131132113333113133333323232323333123111112	0.001484	0.000021
1313231432331332333113313133113131111132332231133133113333333232323111123313132	0.001481	0.000021
1131231412331132311211331113133131113112131113333113333311333312313113323113332	0.001463	0.000020
2311233432111313331211333133113133113132331231333131333331323332313313123311133	0.001461	0.000020
2311231432311313333111333311133133113131331231333133333333333232123311123111332	0.001454	0.000020
2313231432331332333213313133113131111132332231133133113333333232323111123313132	0.001451	0.000020
2311233412333332133111133333133133113111332231133133333331333212313333123331312	0.001438	0.000020
2331333432311313333111133113133111113131111231133133331311323232313313123313332	0.001435	0.000020
1131231432311132111211333133133111113111131113333113333111323331323313123313332	0.001433	0.000020
1131231432311132111211333133133111113112131113333113333111323331323313123313332	0.001433	0.000020
2113233432331312133213133133113133111131132113333113333131331332323333123131332	0.001433	0.000020
2113233432331312133213133133113133111131132113333113333331331332323333123131332	0.001433	0.000020
2331231432331312331221333133133113113131131231333233333131321232323113123311133	0.001433	0.000020
2331231432331312331221333133133113113132131231333233333131321232323113123311133	0.001433	0.000020
2331231432333332333111313311133133113331331231333133333333333232123311123111332	0.001433	0.000020
2331231432333332333111313311133133113332331231333133333333333232123311123111332	0.001433	0.000020
2333213132333332333111313113133131113132331231133133133331323212313333133113132	0.001433	0.000020
2333233132333332333111313113133131113132331231133133133331323212313333133113132	0.001433	0.000020
2311233432333332133111113313133133113132331213333133133333323232323113133313332	0.001432	0.000020
2313231432311313333111333311131133113132331231333133333333333232123311123111332	0.001379	0.000020
2333333113111313333111333131131333133111132131113111311331333232323333121131312	0.001361	0.000020
2313233113111313333111333131131333133111132133113111311331333232323333121131312	0.001225	0.000019
2311233432111313331211333133113133113132331233333131333331323332313313123311133	0.001221	0.000019
2311231433311313333111333311133133113132331231333133333333333232123311123111332	0.001201	0.000019
2311233412331132311211331311133133113132331231333131333333333232123311123111332	0.001173	0.000018
2313231432311313333111333311133133113132331231333133333333333232123331123111332	0.001169	0.000018
1133231412331132311211331311133133113112311233331133333131333332323313123313112	0.001166	0.000018
1133231412331132311211331311133133113112311213331133333131333332113313123313312	0.001162	0.000018
2313233432111313331211333133113133113132312113133133113113331232323313123131312	0.001138	0.000018
2311233432111313331211333133113133113132331231333133333333333232123311123111332	0.001134	0.000018
2313233412331132311211331311133133113132331231333133333333333232123311123111332	0.001108	0.000018
1113231432331332333211331313133133133132311213331133333131323212113313323313132	0.001089	0.000018
2311231432311313333111333311133133113132331213133113333331333332323113123111332	0.001080	0.000018
1133231412331132311211331311133133113112311213331133333131333332123333123313312	0.001052	0.000017
2313231432311313333111333311133133113132331231333133333333333232123311123111312	0.001037	0.000017
1133231412331132311211331311133133113112311233331133333131333332123313123313112	0.001036	0.000017
2331231412331312333111333133113111113131132211313133333111323232323313123131332	0.000993	0.000017
2331231412331312133111333133113111113131132211313133333111323232323313123131332	0.000979	0.000017
2313233412331312333111313113131333113131131213113131333333133232323313123131312	0.000960	0.000017
1133231412331132311211331311133133113112311213331131333131333332123333123313312	0.000958	0.000017
2311231432331332333211313311333111113132312211333131333133133212323311123111332	0.000952	0.000017
2313231432311313333111333111133133113132331231333133333333333232123311123111332	0.000951	0.000016
1333231432333332333211331313133133133132311213331133333131323212113313323313132	0.000936	0.000016
2311233412333332133111133133133133113111332231133133333331333212313333123131312	0.000932	0.000016
1333233432333332333211331313133133133132311213331133333131323212113313323313132	0.000932	0.000016
2311231432331332333211333331133111111132312213333133333111333232323113123113132	0.000922	0.000016
2311233432311313333111333311133133113132331231333133333333333232123311123111332	0.000900	0.000016
2331233113111313333111333131131333133111132131113111311331333232323333121131312	0.000889	0.000016
2313231432311312333111333311133133113132331211333133333133333232123311123111332	0.000878	0.000016
1133233412331312333111313113131333113131131213113131333333133232323313123131312	0.000876	0.000016
2313233433331132333111333333133111313132331113133113333333323212313333133113132	0.000862	0.000016
1133231412331132311211331311133133113112311233331133333131333332123313123313312	0.000856	0.000016
1133231412331132311211331311133133113112311213331131333131333332123333123113312	0.000842	0.000016
2313233432331332333211331313133133133132311213331131333131323212113333323313132	0.000841	0.000016
2313233112111313333111333131131333133111132131113111311331333232323333121131312	0.000834	0.000015
1133231412331132311211331311133133113112311213331133333131333332123313123313112	0.000809	0.000015
2113233432333332133111113311133133113132331213333133133333323232323113123313332	0.000793	0.000015
2311231412331312333111313113131333113131131213113131333333133232323313123131312	0.000776	0.000015
2333313432331132311211311133133133113332132213333133333331123232313133323311112	0.000766	0.000015
2311233412333333133111133333133133113111332231133133333331333212313333123131312	0.000764	0.000015
2313233113111313333111333131131333133131132131113111311331333232323333121131312	0.000763	0.000015
2313233432333332133111113311133133113132331213333133133333323232323113123313332	0.000763	0.000015
2313233433331132333111333333133111313131331113133113333333323212313333133113132	0.000761	0.000015
2311233412333332133111133313133133113112332231133133333331333212313333123131312	0.000756	0.000015
1133231412331132311211331311133133113112311233331133333131333332323313123313312	0.000755	0.000015
2333233132331312333111133131133133111132331213133113333331333332323113123111332	0.000754	0.000015
1133231412331132311211331311133133113112311213331133333131333332123313123313332	0.000748	0.000015
2311233412331132311211331311133133113112311213331131333131333332123313123313312	0.000746	0.000015
2313233432333332333111113311333111113132312211333131333133133212323311123111332	0.000736	0.000015
2313233432333332133111113313133133113132331213333133133331323232323133123313332	0.000735	0.000015
2313233432333332133111113313133133113132331213333133133333323232323133123313332	0.000731	0.000014
2311233433333332133111113313133133113132331213333133133333323232323133123313332	0.000730	0.000014
2313231132331312333111133131133133111132331213133113113133321231323333123311332	0.000723	0.000014
2333333432331132311211311133133133113332132213333133333331123232313133323311112	0.000719	0.000014
2313233433331132333111333333133111313131331113113113333333323212313333133113132	0.000719	0.000014
2313231432311313333111333311133133113131331231333133333333333232123311123111332	0.000717	0.000014
2313233433331132333111333333133111313132331113113113333333323212313333133113132	0.000715	0.000014
2313233132331312333111133131133133111132331213133113113113321231323333123311332	0.000714	0.000014
2311233412333332133111133313133133113111332231133133333331333212313333123131312	0.000710	0.000014
2313233432333332133111113313133133113132331213333133133331323232323113123313332	0.000707	0.000014
2311233432333332133111113313133133113132331213333133133333323232323133123313332	0.000701	0.000014
2311233433333332133111113313133133113132331213333133133333323232323113123313332	0.000701	0.000014
2133231432333332333111313311133133113331331231333131333333333232123311123111332	0.000674	0.000014
1133231412331132311211331311133133113112311213331133333131333332323313123313312	0.000667	0.000014
2333231432311132111211333133133113113132331231333133333111333332323333123131312	0.000663	0.000014
2311233432333332333111113311333111113132312211333131333133133212323311123111332	0.000661	0.000014
2311231432311313333111333311133133111132331213133113333331333332323113123111332	0.000658	0.000014
1133231412331132311211331311133133113132311213331133333131333332123313123313312	0.000650	0.000014
2333233132331312333111133131133133111132331213133113333331333332323133123111332	0.000648	0.000014
2311231132331312333111133131133133111132331213133113113113321231323333123311332	0.000637	0.000014
2311233412331132311211331311133133113112311213113133333131321232323113123311133	0.000635	0.000013
2333233432333332133111113311333111113132312211333131333133133212323311123111332	0.000633	0.000013
1131231412331313333111333131131333133111132131113111311331333232323333121131312	0.000630	0.000013
2311233432333332133111113311333111113132312211333131333133133212323311123111332	0.000621	0.000013
2333231132311132111211333133133113113132331231333133333111333332323333123131312	0.000611	0.000013
2311233432333332133111113311333111113132312211333131333133133212321133333313332	0.000609	0.000013
2333233113111313333111333131131333133131132131113111311331333232323333121131312	0.000604	0.000013
2311233412331312333111313113131333113131131213113131333333133232323313123131312	0.000593	0.000013
1133231412331132311211331311133133113112311213331133333131333332123333123113312	0.000569	0.000013
2333233432331332333211333111113133131132332231133131333331333212313333123131312	0.000559	0.000013
2311233432111313331211333133113133113132331213113133333131321232323133123311133	0.000554	0.000013
2311231432311313333111333311133133113132331231333133333333333232123111123111332	0.000548	0.000013
2313231432311313333111333311133133113132331231333133333333333232323311123111332	0.000544	0.000012
2311233412331132311211331311133133113112311231333133333333333232123311123111332	0.000541	0.000012
2311233412333332133111133133133133113111332231133131333331333212313333123131312	0.000540	0.000012
2313233432331332333211331313133133133132311213331133333131323212113313323313132	0.000540	0.000012
1133231412331132311211331311133133113112311213331133333131333332123313123113312	0.000540	0.000012
1133231412331132311211331311133133113112311213331133333131333332323313123313112	0.000528	0.000012
1313231432331332333113313133113131111132332231133133113333333232323111123333132	0.000521	0.000012
2333233412331312333111313113131333113132131213113131333333133232323313123131312	0.000518	0.000012
1133231412331132311211331311133133113112311213331133333131333331123313123313312	0.000517	0.000012
2313233432311332331211313311113133113331132113133131333331333232323133121131312	0.000511	0.000012
1333233412331312333111313113131333113131131213113131333333133232323313123131312	0.000509	0.000012
1311233432333332333111113311333111113132312211333131333133133212321133333313332	0.000503	0.000012
2313233113111313333111333131131333133111132131313111311331333232323333121131312	0.000502	0.000012
1333233432333332333211331313133133133132311213331133333131323212113333323313132	0.000501	0.000012
