26622
30246
36338
43262
49108
55763
59015
61711
64656
68273
69730
73243
75065
81752
85359
89076
92427
94392
94952
95599
95934
96770
97054
100610
100714
101288
101676
102094
103030
103447
104523
106612
108085
109194
109949
111557
112362
113744
115221
116315
117533
119134
120084
120680
122472
124279
124920
125176
125504
125845
126281
136539
136733
137666
138420
141694
141940
142573
142652
143396
146520
147308
147455
149999
156169
157474
158754
160353
161219
163249
163502
163678
165296
167773
168754
170413
171391
175929
176828
177699
181329
182702
188097
190516
199162
201654
207680
208884
213445
225208
232805
234371
236165
238448
239598
240933
