221162
217424
211331
204660
198789
192134
188882
186186
183241
179625
178168
174655
172833
166142
162537
158820
155469
153504
152944
152297
151962
151126
150842
147286
147182
146608
146220
145801
144865
144448
143372
141283
139810
138701
137946
136338
135533
134151
132674
131580
130362
128761
127811
127215
125423
123616
122975
122719
122391
122050
121614
111356
111162
110229
109475
106201
105955
105322
105243
104498
101311
100521
100374
97830
91283
89978
88698
87098
86232
84202
83949
83773
82155
79678
78697
77038
76060
71522
70623
69752
66122
64749
59357
56938
48293
45801
39770
38566
34008
18310
10596
9030
7236
4953
3803
2468
