SNP2_5'	gi|966749116|ref|NC_006103.4|	100.00	100	0	0	1	100	236281	236182	9e-53	 198
SNP2_5'	gi|966749116|ref|NC_006103.4|	96.00	100	4	0	1	100	302615	302516	3e-43	 167
SNP2_3'	gi|966749116|ref|NC_006103.4|	100.00	100	0	0	1	100	236180	236081	9e-53	 198
SNP2_3'	gi|966749116|ref|NC_006103.4|	97.00	100	2	1	1	100	302514	302416	3e-43	 167
SNP5_5'	gi|966749116|ref|NC_006103.4|	100.00	100	0	0	1	100	232657	232558	9e-53	 198
SNP5_5'	gi|966749116|ref|NC_006103.4|	98.95	95	0	1	1	95	298881	298788	5e-45	 172
SNP5_3'	gi|966749116|ref|NC_006103.4|	100.00	100	0	0	1	100	232556	232457	9e-53	 198
SNP5_3'	gi|966749116|ref|NC_006103.4|	96.00	100	0	3	2	100	298778	298682	1e-36	 145
SNP7_5'	gi|966749116|ref|NC_006103.4|	100.00	100	0	0	1	100	226566	226467	1e-27	 115
SNP7_3'	gi|966749116|ref|NC_006103.4|	100.00	100	0	0	1	100	226465	226366	9e-53	 198
SNP8_5'	gi|966749116|ref|NC_006103.4|	100.00	100	0	0	1	100	219829	219730	9e-53	 198
SNP8_3'	gi|966749116|ref|NC_006103.4|	100.00	100	0	0	1	100	219728	219629	9e-53	 198
SNP11_5'	gi|966749116|ref|NC_006103.4|	100.00	100	0	0	1	100	213980	213881	9e-53	 198
SNP11_3'	gi|966749116|ref|NC_006103.4|	100.00	100	0	0	1	100	213879	213780	9e-53	 198
SNP13_5'	gi|966749116|ref|NC_006103.4|	100.00	100	0	0	1	100	206693	206594	9e-53	 198
SNP13_3'	gi|966749116|ref|NC_006103.4|	100.00	100	0	0	1	100	206592	206493	9e-53	 198
SNP15_5'	gi|966749116|ref|NC_006103.4|	100.00	100	0	0	1	100	203441	203342	9e-53	 198
SNP15_3'	gi|966749116|ref|NC_006103.4|	100.00	100	0	0	1	100	203340	203241	3e-40	 157
SNP17_5'	gi|966749116|ref|NC_006103.4|	100.00	100	0	0	1	100	200745	200646	9e-53	 198
SNP17_3'	gi|966749116|ref|NC_006103.4|	100.00	100	0	0	1	100	200644	200545	9e-53	 198
SNP18_5'	gi|966749116|ref|NC_006103.4|	100.00	100	0	0	1	100	197800	197701	9e-53	 198
SNP18_3'	gi|966749116|ref|NC_006103.4|	100.00	100	0	0	1	100	197699	197600	9e-53	 198
SNP25_5'	gi|966749116|ref|NC_006103.4|	100.00	85	0	0	16	100	194169	194085	8e-44	 168
SNP25_3'	gi|966749116|ref|NC_006103.4|	100.00	100	0	0	1	100	194083	193984	9e-53	 198
SNP27_5'	gi|966749116|ref|NC_006103.4|	100.00	100	0	0	1	100	192727	192628	9e-53	 198
SNP27_3'	gi|966749116|ref|NC_006103.4|	100.00	100	0	0	1	100	192626	192527	9e-53	 198
SNP28_5'	gi|966749116|ref|NC_006103.4|	100.00	100	0	0	1	100	189214	189115	3e-40	 157
SNP28_3'	gi|966749116|ref|NC_006103.4|	100.00	100	0	0	1	100	189113	189014	9e-53	 198
SNP30_5'	gi|966749116|ref|NC_006103.4|	100.00	100	0	0	1	100	187392	187293	9e-53	 198
SNP30_3'	gi|966749116|ref|NC_006103.4|	100.00	100	0	0	1	100	187291	187192	9e-53	 198
SNP31_5'	gi|966749116|ref|NC_006103.4|	100.00	100	0	0	1	100	180705	180606	9e-53	 198
SNP31_3'	gi|966749116|ref|NC_006103.4|	100.00	26	0	0	1	26	180604	180579	1e-08	52.0
SNP33_5'	gi|966749116|ref|NC_006103.4|	100.00	100	0	0	1	100	177100	177001	9e-53	 198
SNP33_3'	gi|966749116|ref|NC_006103.4|	100.00	100	0	0	1	100	176999	176900	9e-53	 198
SNP39_5'	gi|966749116|ref|NC_006103.4|	100.00	100	0	0	1	100	173383	173284	9e-53	 198
SNP39_3'	gi|966749116|ref|NC_006103.4|	100.00	100	0	0	1	100	173282	173183	9e-53	 198
SNP45_5'	gi|966749116|ref|NC_006103.4|	100.00	100	0	0	1	100	170032	169933	9e-53	 198
SNP45_3'	gi|966749116|ref|NC_006103.4|	100.00	100	0	0	1	100	169931	169832	9e-53	 198
SNP47_5'	gi|966749116|ref|NC_006103.4|	100.00	100	0	0	1	100	168067	167968	9e-53	 198
SNP47_3'	gi|966749116|ref|NC_006103.4|	100.00	35	0	0	1	35	167966	167932	5e-14	69.9
SNP48_5'	gi|966749116|ref|NC_006103.4|	100.00	100	0	0	1	100	167507	167408	9e-53	 198
SNP48_3'	gi|966749116|ref|NC_006103.4|	100.00	100	0	0	1	100	167406	167307	9e-53	 198
SNP53_5'	gi|966749116|ref|NC_006103.4|	100.00	100	0	0	1	100	166860	166761	9e-53	 198
SNP53_3'	gi|966749116|ref|NC_006103.4|	100.00	100	0	0	1	100	166759	166660	9e-53	 198
SNP54_5'	gi|966749116|ref|NC_006103.4|	100.00	100	0	0	1	100	166525	166426	3e-40	 157
SNP54_3'	gi|966749116|ref|NC_006103.4|	100.00	100	0	0	1	100	166424	166325	9e-53	 198
SNP55_5'	gi|966749116|ref|NC_006103.4|	100.00	100	0	0	1	100	165689	165590	9e-53	 198
SNP55_3'	gi|966749116|ref|NC_006103.4|	100.00	100	0	0	1	100	165588	165489	9e-53	 198
SNP56_5'	gi|966749116|ref|NC_006103.4|	100.00	100	0	0	1	100	165405	165306	9e-53	 198
SNP56_3'	gi|966749116|ref|NC_006103.4|	100.00	100	0	0	1	100	165304	165205	9e-53	 198
SNP57_5'	gi|966749116|ref|NC_006103.4|	100.00	100	0	0	1	100	161849	161750	9e-53	 198
SNP57_3'	gi|966749116|ref|NC_006103.4|	100.00	100	0	0	1	100	161748	161649	9e-53	 198
SNP58_5'	gi|966749116|ref|NC_006103.4|	100.00	100	0	0	1	100	161745	161646	9e-53	 198
SNP58_3'	gi|966749116|ref|NC_006103.4|	100.00	100	0	0	1	100	161644	161545	9e-53	 198
SNP60_5'	gi|966749116|ref|NC_006103.4|	100.00	100	0	0	1	100	161171	161072	9e-53	 198
SNP60_3'	gi|966749116|ref|NC_006103.4|	100.00	100	0	0	1	100	161070	160971	9e-53	 198
SNP61_5'	gi|966749116|ref|NC_006103.4|	100.00	100	0	0	1	100	160783	160684	9e-53	 198
SNP61_3'	gi|966749116|ref|NC_006103.4|	100.00	100	0	0	1	100	160682	160583	9e-53	 198
SNP62_5'	gi|966749116|ref|NC_006103.4|	100.00	100	0	0	1	100	160366	160267	9e-53	 198
SNP62_3'	gi|966749116|ref|NC_006103.4|	100.00	100	0	0	1	100	160265	160166	2e-38	 151
SNP63_5'	gi|966749116|ref|NC_006103.4|	100.00	100	0	0	1	100	159430	159331	9e-53	 198
SNP63_3'	gi|966749116|ref|NC_006103.4|	100.00	100	0	0	1	100	159329	159230	9e-53	 198
SNP64_5'	gi|966749116|ref|NC_006103.4|	100.00	100	0	0	1	100	159013	158914	9e-53	 198
SNP64_3'	gi|966749116|ref|NC_006103.4|	100.00	100	0	0	1	100	158912	158813	9e-53	 198
SNP65_5'	gi|966749116|ref|NC_006103.4|	100.00	100	0	0	1	100	157937	157838	9e-53	 198
SNP65_3'	gi|966749116|ref|NC_006103.4|	100.00	100	0	0	1	100	157836	157737	9e-53	 198
SNP66_5'	gi|966749116|ref|NC_006103.4|	100.00	100	0	0	1	100	155848	155749	9e-53	 198
SNP66_3'	gi|966749116|ref|NC_006103.4|	100.00	100	0	0	1	100	155747	155648	9e-53	 198
SNP67_5'	gi|966749116|ref|NC_006103.4|	100.00	100	0	0	1	100	154375	154276	9e-53	 198
SNP67_3'	gi|966749116|ref|NC_006103.4|	100.00	100	0	0	1	100	154274	154175	3e-40	 157
SNP68_5'	gi|966749116|ref|NC_006103.4|	100.00	100	0	0	1	100	153266	153167	9e-53	 198
SNP68_3'	gi|966749116|ref|NC_006103.4|	100.00	100	0	0	1	100	153165	153066	9e-53	 198
SNP69_5'	gi|966749116|ref|NC_006103.4|	100.00	100	0	0	1	100	152511	152412	9e-53	 198
SNP69_3'	gi|966749116|ref|NC_006103.4|	100.00	100	0	0	1	100	152410	152311	2e-38	 151
SNP70_5'	gi|966749116|ref|NC_006103.4|	100.00	100	0	0	1	100	150903	150804	9e-53	 198
SNP70_3'	gi|966749116|ref|NC_006103.4|	100.00	100	0	0	1	100	150802	150703	9e-53	 198
SNP71_5'	gi|966749116|ref|NC_006103.4|	100.00	100	0	0	1	100	150098	149999	9e-53	 198
SNP71_3'	gi|966749116|ref|NC_006103.4|	100.00	100	0	0	1	100	149997	149898	9e-53	 198
SNP73_5'	gi|966749116|ref|NC_006103.4|	100.00	100	0	0	1	100	148716	148617	9e-53	 198
SNP73_3'	gi|966749116|ref|NC_006103.4|	100.00	100	0	0	1	100	148615	148516	9e-53	 198
SNP74_5'	gi|966749116|ref|NC_006103.4|	100.00	100	0	0	1	100	147239	147140	3e-40	 157
SNP74_3'	gi|966749116|ref|NC_006103.4|	100.00	100	0	0	1	100	147138	147039	9e-53	 198
SNP75_5'	gi|966749116|ref|NC_006103.4|	100.00	100	0	0	1	100	146145	146046	9e-53	 198
SNP75_3'	gi|966749116|ref|NC_006103.4|	100.00	100	0	0	1	100	146044	145945	9e-53	 198
SNP79_5'	gi|966749116|ref|NC_006103.4|	100.00	100	0	0	1	100	144923	144824	3e-40	 157
SNP79_3'	gi|966749116|ref|NC_006103.4|	100.00	100	0	0	1	100	144822	144723	9e-53	 198
SNP80_5'	gi|966749116|ref|NC_006103.4|	100.00	100	0	0	1	100	143322	143223	9e-53	 198
SNP80_3'	gi|966749116|ref|NC_006103.4|	100.00	100	0	0	1	100	143221	143122	9e-53	 198
SNP81_5'	gi|966749116|ref|NC_006103.4|	100.00	100	0	0	1	100	142372	142273	9e-53	 198
SNP81_3'	gi|966749116|ref|NC_006103.4|	100.00	100	0	0	1	100	142271	142172	9e-53	 198
SNP83_5'	gi|966749116|ref|NC_006103.4|	100.00	100	0	0	1	100	141776	141677	3e-40	 157
SNP83_3'	gi|966749116|ref|NC_006103.4|	100.00	100	0	0	1	100	141675	141576	9e-53	 198
SNP84_5'	gi|966749116|ref|NC_006103.4|	100.00	100	0	0	1	100	139984	139885	9e-53	 198
SNP84_3'	gi|966749116|ref|NC_006103.4|	100.00	100	0	0	1	100	139883	139784	9e-53	 198
SNP85_5'	gi|966749116|ref|NC_006103.4|	100.00	100	0	0	1	100	138177	138078	9e-53	 198
SNP85_3'	gi|966749116|ref|NC_006103.4|	100.00	100	0	0	1	100	138076	137977	9e-53	 198
SNP87_5'	gi|966749116|ref|NC_006103.4|	100.00	100	0	0	1	100	137536	137437	9e-53	 198
SNP87_3'	gi|966749116|ref|NC_006103.4|	100.00	100	0	0	1	100	137435	137336	9e-53	 198
SNP89_5'	gi|966749116|ref|NC_006103.4|	100.00	100	0	0	1	100	137280	137181	9e-53	 198
SNP89_3'	gi|966749116|ref|NC_006103.4|	100.00	100	0	0	1	100	137179	137080	9e-53	 198
SNP91_5'	gi|966749116|ref|NC_006103.4|	100.00	100	0	0	1	100	136952	136853	9e-53	 198
SNP91_3'	gi|966749116|ref|NC_006103.4|	100.00	100	0	0	1	100	136851	136752	9e-53	 198
SNP92_5'	gi|966749116|ref|NC_006103.4|	100.00	100	0	0	1	100	136611	136512	9e-53	 198
SNP92_3'	gi|966749116|ref|NC_006103.4|	100.00	100	0	0	1	100	136510	136411	9e-53	 198
SNP94_5'	gi|966749116|ref|NC_006103.4|	100.00	100	0	0	1	100	136175	136076	9e-53	 198
SNP94_3'	gi|966749116|ref|NC_006103.4|	100.00	100	0	0	1	100	136074	135975	3e-40	 157
SNP96_5'	gi|966749116|ref|NC_006103.4|	100.00	100	0	0	1	100	125917	125818	9e-53	 198
SNP96_3'	gi|966749116|ref|NC_006103.4|	100.00	100	0	0	1	100	125816	125717	9e-53	 198
SNP97_5'	gi|966749116|ref|NC_006103.4|	100.00	100	0	0	1	100	125723	125624	9e-53	 198
SNP97_3'	gi|966749116|ref|NC_006103.4|	100.00	100	0	0	1	100	125622	125523	9e-53	 198
SNP99_5'	gi|966749116|ref|NC_006103.4|	100.00	100	0	0	1	100	124790	124691	9e-53	 198
SNP99_3'	gi|966749116|ref|NC_006103.4|	100.00	100	0	0	1	100	124689	124590	9e-53	 198
SNP101_5'	gi|966749116|ref|NC_006103.4|	100.00	100	0	0	1	100	124036	123937	9e-53	 198
SNP101_3'	gi|966749116|ref|NC_006103.4|	100.00	100	0	0	1	100	123935	123836	3e-40	 157
SNP102_5'	gi|966749116|ref|NC_006103.4|	100.00	100	0	0	1	100	120762	120663	9e-53	 198
SNP102_3'	gi|966749116|ref|NC_006103.4|	100.00	100	0	0	1	100	120661	120562	9e-53	 198
SNP103_5'	gi|966749116|ref|NC_006103.4|	100.00	100	0	0	1	100	120516	120417	9e-53	 198
SNP103_3'	gi|966749116|ref|NC_006103.4|	100.00	100	0	0	1	100	120415	120316	9e-53	 198
SNP104_5'	gi|966749116|ref|NC_006103.4|	100.00	100	0	0	1	100	119883	119784	9e-53	 198
SNP104_3'	gi|966749116|ref|NC_006103.4|	100.00	100	0	0	1	100	119782	119683	9e-53	 198
SNP105_5'	gi|966749116|ref|NC_006103.4|	100.00	100	0	0	1	100	119804	119705	9e-53	 198
SNP105_3'	gi|966749116|ref|NC_006103.4|	100.00	100	0	0	1	100	119703	119604	9e-53	 198
SNP106_5'	gi|966749116|ref|NC_006103.4|	100.00	55	0	0	46	100	119014	118960	6e-26	 109
SNP106_3'	gi|966749116|ref|NC_006103.4|	100.00	100	0	0	1	100	118958	118859	9e-53	 198
SNP108_5'	gi|966749116|ref|NC_006103.4|	100.00	100	0	0	1	100	115936	115837	9e-53	 198
SNP108_3'	gi|966749116|ref|NC_006103.4|	100.00	100	0	0	1	100	115835	115736	9e-53	 198
SNP111_5'	gi|966749116|ref|NC_006103.4|	100.00	100	0	0	1	100	115148	115049	9e-53	 198
SNP111_3'	gi|966749116|ref|NC_006103.4|	100.00	100	0	0	1	100	115047	114948	9e-53	 198
SNP112_5'	gi|966749116|ref|NC_006103.4|	100.00	100	0	0	1	100	115001	114902	9e-53	 198
SNP112_3'	gi|966749116|ref|NC_006103.4|	100.00	100	0	0	1	100	114900	114801	9e-53	 198
SNP116_5'	gi|966749116|ref|NC_006103.4|	100.00	65	0	0	36	100	112422	112358	8e-16	75.8
SNP118_5'	gi|966749116|ref|NC_006103.4|	100.00	100	0	0	1	100	106291	106192	9e-53	 198
SNP118_3'	gi|966749116|ref|NC_006103.4|	100.00	100	0	0	1	100	106190	106091	9e-53	 198
SNP119_5'	gi|966749116|ref|NC_006103.4|	100.00	100	0	0	1	100	104986	104887	9e-53	 198
SNP119_3'	gi|966749116|ref|NC_006103.4|	100.00	100	0	0	1	100	104885	104786	9e-53	 198
SNP120_5'	gi|966749116|ref|NC_006103.4|	100.00	100	0	0	1	100	103706	103607	9e-53	 198
SNP120_3'	gi|966749116|ref|NC_006103.4|	100.00	100	0	0	1	100	103605	103506	9e-53	 198
SNP122_5'	gi|966749116|ref|NC_006103.4|	100.00	100	0	0	1	100	102106	102007	2e-38	 151
SNP122_3'	gi|966749116|ref|NC_006103.4|	100.00	100	0	0	1	100	102005	101906	9e-53	 198
SNP124_5'	gi|966749116|ref|NC_006103.4|	100.00	100	0	0	1	100	101241	101142	9e-53	 198
SNP124_3'	gi|966749116|ref|NC_006103.4|	100.00	100	0	0	1	100	101140	101041	9e-53	 198
SNP127_5'	gi|966749116|ref|NC_006103.4|	100.00	100	0	0	1	100	99212	99113	9e-53	 198
SNP128_5'	gi|966749116|ref|NC_006103.4|	100.00	100	0	0	1	100	98959	98860	9e-53	 198
SNP128_3'	gi|966749116|ref|NC_006103.4|	100.00	100	0	0	1	100	98858	98759	9e-53	 198
SNP130_5'	gi|966749116|ref|NC_006103.4|	100.00	100	0	0	1	100	98783	98684	9e-53	 198
SNP130_3'	gi|966749116|ref|NC_006103.4|	100.00	61	0	0	1	61	98682	98622	2e-29	 121
SNP130_3'	gi|966749116|ref|NC_006103.4|	100.00	26	0	0	75	100	98608	98583	1e-08	52.0
SNP132_5'	gi|966749116|ref|NC_006103.4|	100.00	100	0	0	1	100	96554	96455	9e-53	 198
SNP132_3'	gi|966749116|ref|NC_006103.4|	100.00	100	0	0	1	100	96453	96354	9e-53	 198
SNP133_5'	gi|966749116|ref|NC_006103.4|	100.00	100	0	0	1	100	94077	93978	9e-53	 198
SNP133_3'	gi|966749116|ref|NC_006103.4|	100.00	100	0	0	1	100	93976	93877	9e-53	 198
SNP134_5'	gi|966749116|ref|NC_006103.4|	100.00	100	0	0	1	100	93099	93000	9e-53	 198
SNP134_3'	gi|966749116|ref|NC_006103.4|	100.00	100	0	0	1	100	92998	92899	9e-53	 198
SNP137_5'	gi|966749116|ref|NC_006103.4|	100.00	100	0	0	1	100	91440	91341	9e-53	 198
SNP137_3'	gi|966749116|ref|NC_006103.4|	100.00	100	0	0	1	100	91339	91240	9e-53	 198
SNP138_5'	gi|966749116|ref|NC_006103.4|	100.00	100	0	0	1	100	90462	90363	9e-53	 198
SNP138_3'	gi|966749116|ref|NC_006103.4|	100.00	100	0	0	1	100	90361	90262	9e-53	 198
SNP139_5'	gi|966749116|ref|NC_006103.4|	100.00	100	0	0	1	100	85924	85825	9e-53	 198
SNP139_3'	gi|966749116|ref|NC_006103.4|	100.00	100	0	0	1	100	85823	85724	9e-53	 198
SNP142_5'	gi|966749116|ref|NC_006103.4|	100.00	100	0	0	1	100	85025	84926	9e-53	 198
SNP142_3'	gi|966749116|ref|NC_006103.4|	100.00	100	0	0	1	100	84924	84825	9e-53	 198
SNP144_5'	gi|966749116|ref|NC_006103.4|	100.00	100	0	0	1	100	84154	84055	9e-53	 198
SNP150_5'	gi|966749116|ref|NC_006103.4|	100.00	100	0	0	1	100	80524	80425	9e-53	 198
SNP150_3'	gi|966749116|ref|NC_006103.4|	100.00	100	0	0	1	100	80423	80324	9e-53	 198
SNP151_5'	gi|966749116|ref|NC_006103.4|	100.00	100	0	0	1	100	79151	79052	9e-53	 198
SNP151_3'	gi|966749116|ref|NC_006103.4|	100.00	100	0	0	1	100	79050	78951	3e-31	 127
SNP154_5'	gi|966749116|ref|NC_006103.4|	100.00	100	0	0	1	100	73756	73657	3e-40	 157
SNP154_3'	gi|966749116|ref|NC_006103.4|	100.00	84	0	0	1	84	73655	73572	3e-43	 167
SNP155_5'	gi|966749116|ref|NC_006103.4|	100.00	100	0	0	1	100	71337	71238	9e-53	 198
SNP155_3'	gi|966749116|ref|NC_006103.4|	100.00	100	0	0	1	100	71236	71137	3e-40	 157
SNP156_5'	gi|966749116|ref|NC_006103.4|	100.00	100	0	0	1	100	62691	62592	9e-53	 198
SNP156_3'	gi|966749116|ref|NC_006103.4|	100.00	100	0	0	1	100	62590	62491	9e-53	 198
SNP157_5'	gi|966749116|ref|NC_006103.4|	100.00	100	0	0	1	100	60199	60100	9e-53	 198
SNP157_3'	gi|966749116|ref|NC_006103.4|	100.00	100	0	0	1	100	60098	59999	9e-53	 198
SNP160_5'	gi|966749116|ref|NC_006103.4|	100.00	100	0	0	1	100	54180	54081	9e-53	 198
SNP160_3'	gi|966749116|ref|NC_006103.4|	100.00	100	0	0	1	100	54079	53980	9e-53	 198
SNP161_5'	gi|966749116|ref|NC_006103.4|	100.00	100	0	0	1	100	52976	52877	9e-53	 198
SNP161_3'	gi|966749116|ref|NC_006103.4|	100.00	100	0	0	1	100	52875	52776	9e-53	 198
SNP167_5'	gi|966749116|ref|NC_006103.4|	100.00	100	0	0	1	100	48414	48315	9e-53	 198
SNP167_3'	gi|966749116|ref|NC_006103.4|	100.00	100	0	0	1	100	48313	48214	9e-53	 198
SNP168_5'	gi|966749116|ref|NC_006103.4|	100.00	100	0	0	1	100	30565	30466	9e-53	 198
SNP168_3'	gi|966749116|ref|NC_006103.4|	100.00	100	0	0	1	100	30464	30365	9e-53	 198
SNP169_5'	gi|966749116|ref|NC_006103.4|	100.00	100	0	0	1	100	22963	22864	9e-53	 198
SNP169_3'	gi|966749116|ref|NC_006103.4|	100.00	100	0	0	1	100	22862	22763	9e-53	 198
SNP170_5'	gi|966749116|ref|NC_006103.4|	100.00	100	0	0	1	100	21397	21298	9e-53	 198
SNP170_3'	gi|966749116|ref|NC_006103.4|	100.00	83	0	0	18	100	21279	21197	1e-42	 165
SNP171_5'	gi|966749116|ref|NC_006103.4|	100.00	100	0	0	1	100	19603	19504	9e-53	 198
SNP171_3'	gi|966749116|ref|NC_006103.4|	100.00	100	0	0	1	100	19502	19403	9e-53	 198
SNP173_5'	gi|966749116|ref|NC_006103.4|	100.00	100	0	0	1	100	17320	17221	9e-53	 198
SNP173_3'	gi|966749116|ref|NC_006103.4|	100.00	100	0	0	1	100	17219	17120	9e-53	 198
SNP174_5'	gi|966749116|ref|NC_006103.4|	100.00	100	0	0	1	100	16170	16071	9e-53	 198
SNP174_3'	gi|966749116|ref|NC_006103.4|	100.00	100	0	0	1	100	16069	15970	9e-53	 198
SNP178_5'	gi|966749116|ref|NC_006103.4|	100.00	100	0	0	1	100	14835	14736	9e-53	 198
SNP178_3'	gi|966749116|ref|NC_006103.4|	100.00	100	0	0	1	100	14734	14635	9e-53	 198
