SNP2_5'	gi|358485496|ref|NC_006103.3|	96.00	100	4	0	1	100	221262	221163	2e-43	 167
SNP2_3'	gi|358485496|ref|NC_006103.3|	98.00	100	2	0	1	100	221161	221062	4e-48	 182
SNP5_5'	gi|358485496|ref|NC_006103.3|	100.00	100	0	0	1	100	217524	217425	7e-53	 198
SNP5_3'	gi|358485496|ref|NC_006103.3|	100.00	100	0	0	1	100	217423	217324	7e-53	 198
SNP7_5'	gi|358485496|ref|NC_006103.3|	99.00	100	1	0	1	100	211431	211332	2e-25	 107
SNP7_3'	gi|358485496|ref|NC_006103.3|	97.00	100	3	0	1	100	211330	211231	1e-45	 174
SNP8_5'	gi|358485496|ref|NC_006103.3|	100.00	100	0	0	1	100	204760	204661	7e-53	 198
SNP8_3'	gi|358485496|ref|NC_006103.3|	100.00	100	0	0	1	100	204659	204560	7e-53	 198
SNP11_5'	gi|358485496|ref|NC_006103.3|	100.00	100	0	0	1	100	198889	198790	7e-53	 198
SNP11_3'	gi|358485496|ref|NC_006103.3|	100.00	100	0	0	1	100	198788	198689	7e-53	 198
SNP13_5'	gi|358485496|ref|NC_006103.3|	100.00	100	0	0	1	100	192234	192135	7e-53	 198
SNP13_3'	gi|358485496|ref|NC_006103.3|	100.00	100	0	0	1	100	192133	192034	7e-53	 198
SNP15_5'	gi|358485496|ref|NC_006103.3|	100.00	100	0	0	1	100	188982	188883	7e-53	 198
SNP15_3'	gi|358485496|ref|NC_006103.3|	100.00	100	0	0	1	100	188881	188782	2e-40	 157
SNP17_5'	gi|358485496|ref|NC_006103.3|	100.00	100	0	0	1	100	186286	186187	7e-53	 198
SNP17_3'	gi|358485496|ref|NC_006103.3|	100.00	100	0	0	1	100	186185	186086	7e-53	 198
SNP18_5'	gi|358485496|ref|NC_006103.3|	100.00	100	0	0	1	100	183341	183242	7e-53	 198
SNP18_3'	gi|358485496|ref|NC_006103.3|	100.00	100	0	0	1	100	183240	183141	7e-53	 198
SNP25_5'	gi|358485496|ref|NC_006103.3|	100.00	85	0	0	16	100	179710	179626	6e-44	 168
SNP25_3'	gi|358485496|ref|NC_006103.3|	100.00	100	0	0	1	100	179624	179525	7e-53	 198
SNP27_5'	gi|358485496|ref|NC_006103.3|	100.00	100	0	0	1	100	178268	178169	7e-53	 198
SNP27_3'	gi|358485496|ref|NC_006103.3|	100.00	100	0	0	1	100	178167	178068	7e-53	 198
SNP28_5'	gi|358485496|ref|NC_006103.3|	100.00	100	0	0	1	100	174755	174656	2e-40	 157
SNP28_3'	gi|358485496|ref|NC_006103.3|	100.00	100	0	0	1	100	174654	174555	7e-53	 198
SNP30_5'	gi|358485496|ref|NC_006103.3|	100.00	100	0	0	1	100	172933	172834	7e-53	 198
SNP30_3'	gi|358485496|ref|NC_006103.3|	100.00	100	0	0	1	100	172832	172733	7e-53	 198
SNP31_5'	gi|358485496|ref|NC_006103.3|	100.00	100	0	0	1	100	166242	166143	7e-53	 198
SNP31_3'	gi|358485496|ref|NC_006103.3|	100.00	26	0	0	1	26	166141	166116	1e-08	52.0
SNP33_5'	gi|358485496|ref|NC_006103.3|	100.00	100	0	0	1	100	162637	162538	7e-53	 198
SNP33_3'	gi|358485496|ref|NC_006103.3|	100.00	100	0	0	1	100	162536	162437	7e-53	 198
SNP39_5'	gi|358485496|ref|NC_006103.3|	100.00	100	0	0	1	100	158920	158821	7e-53	 198
SNP39_3'	gi|358485496|ref|NC_006103.3|	100.00	100	0	0	1	100	158819	158720	7e-53	 198
SNP45_5'	gi|358485496|ref|NC_006103.3|	100.00	100	0	0	1	100	155569	155470	7e-53	 198
SNP45_3'	gi|358485496|ref|NC_006103.3|	100.00	100	0	0	1	100	155468	155369	7e-53	 198
SNP47_5'	gi|358485496|ref|NC_006103.3|	100.00	100	0	0	1	100	153604	153505	7e-53	 198
SNP47_3'	gi|358485496|ref|NC_006103.3|	100.00	35	0	0	1	35	153503	153469	4e-14	69.9
SNP48_5'	gi|358485496|ref|NC_006103.3|	100.00	100	0	0	1	100	153044	152945	7e-53	 198
SNP48_3'	gi|358485496|ref|NC_006103.3|	100.00	100	0	0	1	100	152943	152844	7e-53	 198
SNP53_5'	gi|358485496|ref|NC_006103.3|	100.00	100	0	0	1	100	152397	152298	7e-53	 198
SNP53_3'	gi|358485496|ref|NC_006103.3|	100.00	100	0	0	1	100	152296	152197	7e-53	 198
SNP54_5'	gi|358485496|ref|NC_006103.3|	100.00	100	0	0	1	100	152062	151963	2e-40	 157
SNP54_3'	gi|358485496|ref|NC_006103.3|	100.00	100	0	0	1	100	151961	151862	7e-53	 198
SNP55_5'	gi|358485496|ref|NC_006103.3|	100.00	100	0	0	1	100	151226	151127	7e-53	 198
SNP55_3'	gi|358485496|ref|NC_006103.3|	100.00	100	0	0	1	100	151125	151026	7e-53	 198
SNP56_5'	gi|358485496|ref|NC_006103.3|	100.00	100	0	0	1	100	150942	150843	7e-53	 198
SNP56_3'	gi|358485496|ref|NC_006103.3|	100.00	100	0	0	1	100	150841	150742	7e-53	 198
SNP57_5'	gi|358485496|ref|NC_006103.3|	100.00	100	0	0	1	100	147386	147287	7e-53	 198
SNP57_3'	gi|358485496|ref|NC_006103.3|	100.00	100	0	0	1	100	147285	147186	7e-53	 198
SNP58_5'	gi|358485496|ref|NC_006103.3|	100.00	100	0	0	1	100	147282	147183	7e-53	 198
SNP58_3'	gi|358485496|ref|NC_006103.3|	100.00	100	0	0	1	100	147181	147082	7e-53	 198
SNP60_5'	gi|358485496|ref|NC_006103.3|	100.00	100	0	0	1	100	146708	146609	7e-53	 198
SNP60_3'	gi|358485496|ref|NC_006103.3|	100.00	100	0	0	1	100	146607	146508	7e-53	 198
SNP61_5'	gi|358485496|ref|NC_006103.3|	100.00	100	0	0	1	100	146320	146221	7e-53	 198
SNP61_3'	gi|358485496|ref|NC_006103.3|	100.00	100	0	0	1	100	146219	146120	7e-53	 198
SNP62_5'	gi|358485496|ref|NC_006103.3|	100.00	100	0	0	1	100	145901	145802	7e-53	 198
SNP62_3'	gi|358485496|ref|NC_006103.3|	100.00	100	0	0	1	100	145800	145701	1e-38	 151
SNP63_5'	gi|358485496|ref|NC_006103.3|	100.00	100	0	0	1	100	144965	144866	7e-53	 198
SNP63_3'	gi|358485496|ref|NC_006103.3|	100.00	100	0	0	1	100	144864	144765	7e-53	 198
SNP64_5'	gi|358485496|ref|NC_006103.3|	100.00	100	0	0	1	100	144548	144449	7e-53	 198
SNP64_3'	gi|358485496|ref|NC_006103.3|	100.00	100	0	0	1	100	144447	144348	7e-53	 198
SNP65_5'	gi|358485496|ref|NC_006103.3|	100.00	100	0	0	1	100	143472	143373	7e-53	 198
SNP65_3'	gi|358485496|ref|NC_006103.3|	100.00	100	0	0	1	100	143371	143272	7e-53	 198
SNP66_5'	gi|358485496|ref|NC_006103.3|	100.00	100	0	0	1	100	141383	141284	7e-53	 198
SNP66_3'	gi|358485496|ref|NC_006103.3|	100.00	100	0	0	1	100	141282	141183	7e-53	 198
SNP67_5'	gi|358485496|ref|NC_006103.3|	100.00	100	0	0	1	100	139910	139811	7e-53	 198
SNP67_3'	gi|358485496|ref|NC_006103.3|	100.00	100	0	0	1	100	139809	139710	2e-40	 157
SNP68_5'	gi|358485496|ref|NC_006103.3|	100.00	100	0	0	1	100	138801	138702	7e-53	 198
SNP68_3'	gi|358485496|ref|NC_006103.3|	100.00	100	0	0	1	100	138700	138601	7e-53	 198
SNP69_5'	gi|358485496|ref|NC_006103.3|	100.00	100	0	0	1	100	138046	137947	7e-53	 198
SNP69_3'	gi|358485496|ref|NC_006103.3|	100.00	100	0	0	1	100	137945	137846	1e-38	 151
SNP70_5'	gi|358485496|ref|NC_006103.3|	100.00	100	0	0	1	100	136438	136339	7e-53	 198
SNP70_3'	gi|358485496|ref|NC_006103.3|	100.00	100	0	0	1	100	136337	136238	7e-53	 198
SNP71_5'	gi|358485496|ref|NC_006103.3|	100.00	100	0	0	1	100	135633	135534	7e-53	 198
SNP71_3'	gi|358485496|ref|NC_006103.3|	100.00	100	0	0	1	100	135532	135433	7e-53	 198
SNP73_5'	gi|358485496|ref|NC_006103.3|	100.00	100	0	0	1	100	134251	134152	7e-53	 198
SNP73_3'	gi|358485496|ref|NC_006103.3|	100.00	100	0	0	1	100	134150	134051	7e-53	 198
SNP74_5'	gi|358485496|ref|NC_006103.3|	100.00	100	0	0	1	100	132774	132675	2e-40	 157
SNP74_3'	gi|358485496|ref|NC_006103.3|	100.00	100	0	0	1	100	132673	132574	7e-53	 198
SNP75_5'	gi|358485496|ref|NC_006103.3|	100.00	100	0	0	1	100	131680	131581	7e-53	 198
SNP75_3'	gi|358485496|ref|NC_006103.3|	100.00	100	0	0	1	100	131579	131480	7e-53	 198
SNP79_5'	gi|358485496|ref|NC_006103.3|	100.00	100	0	0	1	100	130462	130363	2e-40	 157
SNP79_3'	gi|358485496|ref|NC_006103.3|	100.00	100	0	0	1	100	130361	130262	7e-53	 198
SNP80_5'	gi|358485496|ref|NC_006103.3|	100.00	100	0	0	1	100	128861	128762	7e-53	 198
SNP80_3'	gi|358485496|ref|NC_006103.3|	100.00	100	0	0	1	100	128760	128661	7e-53	 198
SNP81_5'	gi|358485496|ref|NC_006103.3|	100.00	100	0	0	1	100	127911	127812	7e-53	 198
SNP81_3'	gi|358485496|ref|NC_006103.3|	100.00	100	0	0	1	100	127810	127711	7e-53	 198
SNP83_5'	gi|358485496|ref|NC_006103.3|	100.00	100	0	0	1	100	127315	127216	2e-40	 157
SNP83_3'	gi|358485496|ref|NC_006103.3|	100.00	100	0	0	1	100	127214	127115	7e-53	 198
SNP84_5'	gi|358485496|ref|NC_006103.3|	100.00	100	0	0	1	100	125523	125424	7e-53	 198
SNP84_3'	gi|358485496|ref|NC_006103.3|	100.00	100	0	0	1	100	125422	125323	7e-53	 198
SNP85_5'	gi|358485496|ref|NC_006103.3|	100.00	100	0	0	1	100	123716	123617	7e-53	 198
SNP85_3'	gi|358485496|ref|NC_006103.3|	100.00	100	0	0	1	100	123615	123516	7e-53	 198
SNP87_5'	gi|358485496|ref|NC_006103.3|	100.00	100	0	0	1	100	123075	122976	7e-53	 198
SNP87_3'	gi|358485496|ref|NC_006103.3|	100.00	100	0	0	1	100	122974	122875	7e-53	 198
SNP89_5'	gi|358485496|ref|NC_006103.3|	100.00	100	0	0	1	100	122819	122720	7e-53	 198
SNP89_3'	gi|358485496|ref|NC_006103.3|	100.00	100	0	0	1	100	122718	122619	7e-53	 198
SNP91_5'	gi|358485496|ref|NC_006103.3|	100.00	100	0	0	1	100	122491	122392	7e-53	 198
SNP91_3'	gi|358485496|ref|NC_006103.3|	100.00	100	0	0	1	100	122390	122291	7e-53	 198
SNP92_5'	gi|358485496|ref|NC_006103.3|	100.00	100	0	0	1	100	122150	122051	7e-53	 198
SNP92_3'	gi|358485496|ref|NC_006103.3|	100.00	100	0	0	1	100	122049	121950	7e-53	 198
SNP94_5'	gi|358485496|ref|NC_006103.3|	100.00	100	0	0	1	100	121714	121615	7e-53	 198
SNP94_3'	gi|358485496|ref|NC_006103.3|	100.00	100	0	0	1	100	121613	121514	2e-40	 157
SNP96_5'	gi|358485496|ref|NC_006103.3|	100.00	100	0	0	1	100	111456	111357	7e-53	 198
SNP96_3'	gi|358485496|ref|NC_006103.3|	100.00	100	0	0	1	100	111355	111256	7e-53	 198
SNP97_5'	gi|358485496|ref|NC_006103.3|	100.00	100	0	0	1	100	111262	111163	7e-53	 198
SNP97_3'	gi|358485496|ref|NC_006103.3|	100.00	100	0	0	1	100	111161	111062	7e-53	 198
SNP99_5'	gi|358485496|ref|NC_006103.3|	100.00	100	0	0	1	100	110329	110230	7e-53	 198
SNP99_3'	gi|358485496|ref|NC_006103.3|	100.00	100	0	0	1	100	110228	110129	7e-53	 198
SNP101_5'	gi|358485496|ref|NC_006103.3|	100.00	100	0	0	1	100	109575	109476	7e-53	 198
SNP101_3'	gi|358485496|ref|NC_006103.3|	100.00	100	0	0	1	100	109474	109375	2e-40	 157
SNP102_5'	gi|358485496|ref|NC_006103.3|	100.00	100	0	0	1	100	106301	106202	7e-53	 198
SNP102_3'	gi|358485496|ref|NC_006103.3|	100.00	100	0	0	1	100	106200	106101	7e-53	 198
SNP103_5'	gi|358485496|ref|NC_006103.3|	100.00	100	0	0	1	100	106055	105956	7e-53	 198
SNP103_3'	gi|358485496|ref|NC_006103.3|	100.00	100	0	0	1	100	105954	105855	7e-53	 198
SNP104_5'	gi|358485496|ref|NC_006103.3|	100.00	100	0	0	1	100	105422	105323	7e-53	 198
SNP104_3'	gi|358485496|ref|NC_006103.3|	100.00	100	0	0	1	100	105321	105222	7e-53	 198
SNP105_5'	gi|358485496|ref|NC_006103.3|	100.00	100	0	0	1	100	105343	105244	7e-53	 198
SNP105_3'	gi|358485496|ref|NC_006103.3|	100.00	100	0	0	1	100	105242	105143	7e-53	 198
SNP106_5'	gi|358485496|ref|NC_006103.3|	100.00	55	0	0	46	100	104553	104499	5e-26	 109
SNP106_3'	gi|358485496|ref|NC_006103.3|	100.00	100	0	0	1	100	104497	104398	7e-53	 198
SNP108_5'	gi|358485496|ref|NC_006103.3|	100.00	100	0	0	1	100	101411	101312	7e-53	 198
SNP108_3'	gi|358485496|ref|NC_006103.3|	100.00	100	0	0	1	100	101310	101211	7e-53	 198
SNP111_5'	gi|358485496|ref|NC_006103.3|	100.00	100	0	0	1	100	100621	100522	7e-53	 198
SNP111_3'	gi|358485496|ref|NC_006103.3|	100.00	100	0	0	1	100	100520	100421	7e-53	 198
SNP112_5'	gi|358485496|ref|NC_006103.3|	100.00	100	0	0	1	100	100474	100375	7e-53	 198
SNP112_3'	gi|358485496|ref|NC_006103.3|	100.00	100	0	0	1	100	100373	100274	7e-53	 198
SNP116_5'	gi|358485496|ref|NC_006103.3|	100.00	65	0	0	36	100	97895	97831	7e-16	75.8
SNP118_5'	gi|358485496|ref|NC_006103.3|	100.00	100	0	0	1	100	91383	91284	7e-53	 198
SNP118_3'	gi|358485496|ref|NC_006103.3|	100.00	100	0	0	1	100	91282	91183	7e-53	 198
SNP119_5'	gi|358485496|ref|NC_006103.3|	100.00	100	0	0	1	100	90078	89979	7e-53	 198
SNP119_3'	gi|358485496|ref|NC_006103.3|	100.00	100	0	0	1	100	89977	89878	7e-53	 198
SNP120_5'	gi|358485496|ref|NC_006103.3|	100.00	100	0	0	1	100	88798	88699	7e-53	 198
SNP120_3'	gi|358485496|ref|NC_006103.3|	100.00	100	0	0	1	100	88697	88598	7e-53	 198
SNP122_5'	gi|358485496|ref|NC_006103.3|	100.00	100	0	0	1	100	87198	87099	1e-38	 151
SNP122_3'	gi|358485496|ref|NC_006103.3|	100.00	100	0	0	1	100	87097	86998	7e-53	 198
SNP124_5'	gi|358485496|ref|NC_006103.3|	100.00	100	0	0	1	100	86332	86233	7e-53	 198
SNP124_3'	gi|358485496|ref|NC_006103.3|	100.00	100	0	0	1	100	86231	86132	7e-53	 198
SNP127_5'	gi|358485496|ref|NC_006103.3|	100.00	100	0	0	1	100	84302	84203	7e-53	 198
SNP128_5'	gi|358485496|ref|NC_006103.3|	100.00	100	0	0	1	100	84049	83950	7e-53	 198
SNP128_3'	gi|358485496|ref|NC_006103.3|	100.00	100	0	0	1	100	83948	83849	7e-53	 198
SNP130_5'	gi|358485496|ref|NC_006103.3|	100.00	100	0	0	1	100	83873	83774	7e-53	 198
SNP130_3'	gi|358485496|ref|NC_006103.3|	100.00	61	0	0	1	61	83772	83712	1e-29	 121
SNP130_3'	gi|358485496|ref|NC_006103.3|	100.00	26	0	0	75	100	83698	83673	1e-08	52.0
SNP132_5'	gi|358485496|ref|NC_006103.3|	100.00	100	0	0	1	100	82255	82156	7e-53	 198
SNP132_3'	gi|358485496|ref|NC_006103.3|	100.00	100	0	0	1	100	82154	82055	7e-53	 198
SNP133_5'	gi|358485496|ref|NC_006103.3|	100.00	100	0	0	1	100	79778	79679	7e-53	 198
SNP133_3'	gi|358485496|ref|NC_006103.3|	100.00	100	0	0	1	100	79677	79578	7e-53	 198
SNP134_5'	gi|358485496|ref|NC_006103.3|	100.00	100	0	0	1	100	78797	78698	7e-53	 198
SNP134_3'	gi|358485496|ref|NC_006103.3|	100.00	100	0	0	1	100	78696	78597	7e-53	 198
SNP137_5'	gi|358485496|ref|NC_006103.3|	100.00	100	0	0	1	100	77138	77039	7e-53	 198
SNP137_3'	gi|358485496|ref|NC_006103.3|	100.00	100	0	0	1	100	77037	76938	7e-53	 198
SNP138_5'	gi|358485496|ref|NC_006103.3|	100.00	100	0	0	1	100	76160	76061	7e-53	 198
SNP138_3'	gi|358485496|ref|NC_006103.3|	100.00	100	0	0	1	100	76059	75960	7e-53	 198
SNP139_5'	gi|358485496|ref|NC_006103.3|	100.00	100	0	0	1	100	71622	71523	7e-53	 198
SNP139_3'	gi|358485496|ref|NC_006103.3|	100.00	100	0	0	1	100	71521	71422	7e-53	 198
SNP142_5'	gi|358485496|ref|NC_006103.3|	100.00	100	0	0	1	100	70723	70624	7e-53	 198
SNP142_3'	gi|358485496|ref|NC_006103.3|	100.00	100	0	0	1	100	70622	70523	7e-53	 198
SNP144_5'	gi|358485496|ref|NC_006103.3|	100.00	100	0	0	1	100	69852	69753	7e-53	 198
SNP150_5'	gi|358485496|ref|NC_006103.3|	100.00	100	0	0	1	100	66222	66123	7e-53	 198
SNP150_3'	gi|358485496|ref|NC_006103.3|	100.00	100	0	0	1	100	66121	66022	7e-53	 198
SNP151_5'	gi|358485496|ref|NC_006103.3|	100.00	100	0	0	1	100	64849	64750	7e-53	 198
SNP151_3'	gi|358485496|ref|NC_006103.3|	100.00	100	0	0	1	100	64748	64649	2e-31	 127
SNP154_5'	gi|358485496|ref|NC_006103.3|	100.00	100	0	0	1	100	59457	59358	2e-40	 157
SNP154_3'	gi|358485496|ref|NC_006103.3|	100.00	84	0	0	1	84	59356	59273	2e-43	 167
SNP155_5'	gi|358485496|ref|NC_006103.3|	100.00	100	0	0	1	100	57038	56939	7e-53	 198
SNP155_3'	gi|358485496|ref|NC_006103.3|	100.00	100	0	0	1	100	56937	56838	2e-40	 157
SNP156_5'	gi|358485496|ref|NC_006103.3|	100.00	100	0	0	1	100	48393	48294	7e-53	 198
SNP156_3'	gi|358485496|ref|NC_006103.3|	100.00	100	0	0	1	100	48292	48193	7e-53	 198
SNP157_5'	gi|358485496|ref|NC_006103.3|	100.00	100	0	0	1	100	45901	45802	7e-53	 198
SNP157_3'	gi|358485496|ref|NC_006103.3|	100.00	100	0	0	1	100	45800	45701	7e-53	 198
SNP160_5'	gi|358485496|ref|NC_006103.3|	100.00	100	0	0	1	100	39870	39771	7e-53	 198
SNP160_3'	gi|358485496|ref|NC_006103.3|	100.00	100	0	0	1	100	39769	39670	7e-53	 198
SNP161_5'	gi|358485496|ref|NC_006103.3|	100.00	100	0	0	1	100	38666	38567	7e-53	 198
SNP161_3'	gi|358485496|ref|NC_006103.3|	100.00	100	0	0	1	100	38565	38466	7e-53	 198
SNP167_5'	gi|358485496|ref|NC_006103.3|	100.00	100	0	0	1	100	34108	34009	7e-53	 198
SNP167_3'	gi|358485496|ref|NC_006103.3|	100.00	100	0	0	1	100	34007	33908	7e-53	 198
SNP168_5'	gi|358485496|ref|NC_006103.3|	100.00	100	0	0	1	100	18410	18311	7e-53	 198
SNP168_3'	gi|358485496|ref|NC_006103.3|	100.00	100	0	0	1	100	18309	18210	7e-53	 198
SNP169_5'	gi|358485496|ref|NC_006103.3|	100.00	100	0	0	1	100	10696	10597	7e-53	 198
SNP169_3'	gi|358485496|ref|NC_006103.3|	100.00	100	0	0	1	100	10595	10496	7e-53	 198
SNP170_5'	gi|358485496|ref|NC_006103.3|	100.00	100	0	0	1	100	9130	9031	7e-53	 198
SNP170_3'	gi|358485496|ref|NC_006103.3|	100.00	83	0	0	18	100	9012	8930	1e-42	 165
SNP171_5'	gi|358485496|ref|NC_006103.3|	100.00	100	0	0	1	100	7336	7237	7e-53	 198
SNP171_3'	gi|358485496|ref|NC_006103.3|	100.00	100	0	0	1	100	7235	7136	7e-53	 198
SNP173_5'	gi|358485496|ref|NC_006103.3|	100.00	100	0	0	1	100	5053	4954	7e-53	 198
SNP173_3'	gi|358485496|ref|NC_006103.3|	100.00	100	0	0	1	100	4952	4853	7e-53	 198
SNP174_5'	gi|358485496|ref|NC_006103.3|	100.00	100	0	0	1	100	3903	3804	7e-53	 198
SNP174_3'	gi|358485496|ref|NC_006103.3|	100.00	100	0	0	1	100	3802	3703	7e-53	 198
SNP178_5'	gi|358485496|ref|NC_006103.3|	100.00	100	0	0	1	100	2568	2469	7e-53	 198
SNP178_3'	gi|358485496|ref|NC_006103.3|	100.00	100	0	0	1	100	2467	2368	7e-53	 198
